1 -9.13689 18.2768
2 -215.566 46.6981
3 -215.566 46.6981
4 -215.566 46.6981
5 -215.566 46.6981
6 -215.566 46.6981
7 -215.566 46.6981
8 -215.566 46.6981
9 -215.566 46.6981
10 -215.566 46.6981
11 -215.566 46.6981
12 -215.566 46.6981
13 -215.566 46.6981
14 -215.566 46.6981
15 -215.566 46.6981
16 -215.566 46.6981
17 -215.566 46.6981
18 -215.566 46.6981
19 -215.566 46.6981
20 -215.566 46.6981
21 -215.566 46.6981
22 -215.566 46.6981
23 -215.566 46.6981
24 -215.566 46.6981
25 -215.566 46.6981
26 -215.566 46.6981
27 -215.566 46.6981
28 -215.566 46.6981
29 -215.566 46.6981
30 -215.566 46.6981
31 -215.566 46.6981
32 -215.566 46.6981
33 -215.566 46.6981
34 -215.566 46.6981
35 -215.566 46.6981
36 -215.566 46.6981
37 -215.566 46.6981
38 -215.566 46.6981
39 -215.566 46.6981
40 -215.566 46.6981
41 -215.566 46.6981
42 -215.566 46.6981
43 -215.566 46.6981
44 -215.566 46.6981
45 -215.566 46.6981
46 -215.566 46.6981
47 -215.566 46.6981
48 -215.566 46.6981
49 -215.566 46.6981
50 -215.566 46.6981
51 -215.566 46.6981
52 -215.566 46.6981
53 -215.566 46.6981
54 -215.566 46.6981
55 -215.566 46.6981
56 -215.566 46.6981
57 -215.566 46.6981
58 -215.566 46.6981
59 -215.566 46.6981
60 -215.566 46.6981
61 -215.566 46.6981
62 -215.566 46.6981
63 -215.566 46.6981
64 -215.566 46.6981
65 -215.566 46.6981
66 -215.566 46.6981
67 -215.566 46.6981
68 -215.566 46.6981
69 -215.566 46.6981
70 -215.566 46.6981
71 -215.566 46.6981
72 -215.566 46.6981
73 -215.566 46.6981
74 -215.566 46.6981
75 -215.566 46.6981
76 -215.566 46.6981
77 -215.566 46.6981
78 -215.566 46.6981
79 -215.566 46.6981
80 -215.566 46.6981
81 -215.566 46.6981
82 -215.566 46.6981
83 -215.566 46.6981
84 -215.566 46.6981
85 -215.566 46.6981
86 -215.566 46.6981
87 -215.566 46.6981
88 -215.566 46.6981
89 -215.566 46.6981
90 -215.566 46.6981
91 -215.566 46.6981
92 -215.566 46.6981
93 -215.566 46.6981
94 -215.566 46.6981
95 -215.566 46.6981
96 -215.566 46.6981
97 -215.566 46.6981
98 -215.566 46.6981
99 -215.566 46.6981
100 -215.566 46.6981
101 -215.566 46.6981
102 -215.566 46.6981
103 -215.566 46.6981
104 -215.566 46.6981
105 -215.566 46.6981
106 -215.566 46.6981
107 -215.566 46.6981
108 -215.566 46.6981
109 -215.566 46.6981
110 -215.566 46.6981
111 -215.566 46.6981
112 -215.566 46.6981
113 -215.566 46.6981
114 -215.566 46.6981
115 -215.566 46.6981
116 -215.566 46.6981
117 -215.566 46.6981
118 -215.566 46.6981
119 -215.566 46.6981
120 -215.566 46.6981
121 -215.566 46.6981
122 -215.566 46.6981
123 -215.566 46.6981
124 -215.566 46.6981
125 -215.566 46.6981
126 -215.566 46.6981
127 -215.566 46.6981
128 -215.566 46.6981
129 -215.566 46.6981
130 -215.566 46.6981
131 -215.566 46.6981
132 -215.566 46.6981
133 -215.566 46.6981
134 -215.566 46.6981
135 -215.566 46.6981
136 -215.566 46.6981
137 -215.566 46.6981
138 -215.566 46.6981
139 -215.566 46.6981
140 -215.566 46.6981
141 -215.566 46.6981
142 -215.566 46.6981
143 -215.566 46.6981
144 -215.566 46.6981
145 -215.566 46.6981
146 -215.566 46.6981
147 -215.566 46.6981
148 -215.566 46.6981
149 -215.566 46.6981
150 -215.566 46.6981
151 -215.566 46.6981
152 -215.566 46.6981
153 -215.566 46.6981
154 -215.566 46.6981
155 -215.566 46.6981
156 -215.566 46.6981
157 -215.566 46.6981
158 -215.566 46.6981
159 -215.566 46.6981
160 -215.566 46.6981
161 -215.566 46.6981
162 -215.566 46.6981
163 -215.566 46.6981
164 -215.566 46.6981
165 -215.566 46.6981
166 -215.566 46.6981
167 -215.566 46.6981
168 -215.566 46.6981
169 -215.566 46.6981
170 -215.566 46.6981
171 -215.566 46.6981
172 -215.566 46.6981
173 -215.566 46.6981
174 -215.566 46.6981
175 -215.566 46.6981
176 -215.566 46.6981
177 -215.566 46.6981
178 -215.566 46.6981
179 -215.566 46.6981
180 -215.566 46.6981
181 -215.566 46.6981
182 -215.566 46.6981
183 -215.566 46.6981
184 -215.566 46.6981
185 -215.566 46.6981
186 -215.566 46.6981
187 -215.566 46.6981
188 -215.566 46.6981
189 -215.566 46.6981
190 -215.566 46.6981
191 -215.566 46.6981
192 -215.566 46.6981
193 -215.566 46.6981
194 -215.566 46.6981
195 -215.566 46.6981
196 -215.566 46.6981
197 -215.566 46.6981
198 -215.566 46.6981
199 -215.566 46.6981
200 -215.566 46.6981
201 -215.566 46.6981
202 -215.566 46.6981
203 -215.566 46.6981
204 -215.566 46.6981
205 -215.566 46.6981
206 -215.566 46.6981
207 -215.566 46.6981
208 -215.566 46.6981
209 -215.566 46.6981
210 -215.566 46.6981
211 -215.566 46.6981
212 -215.566 46.6981
213 -215.566 46.6981
214 -215.566 46.6981
215 -215.566 46.6981
216 -215.566 46.6981
217 -215.566 46.6981
218 -215.566 46.6981
219 -215.566 46.6981
220 -215.566 46.6981
221 -215.566 46.6981
222 -215.566 46.6981
223 -215.566 46.6981
224 -215.566 46.6981
225 -215.566 46.6981
226 -215.566 46.6981
227 -215.566 46.6981
228 -215.566 46.6981
229 -215.566 46.6981
230 -215.566 46.6981
231 -215.566 46.6981
232 -215.566 46.6981
233 -215.566 46.6981
234 -215.566 46.6981
235 -215.566 46.6981
236 -215.566 46.6981
237 -215.566 46.6981
238 -215.566 46.6981
239 -215.566 46.6981
240 -215.566 46.6981
241 -215.566 46.6981
242 -215.566 46.6981
243 -215.566 46.6981
244 -215.566 46.6981
245 -215.566 46.6981
246 -215.566 46.6981
247 -215.566 46.6981
248 -215.566 46.6981
249 -215.566 46.6981
250 -215.566 46.6981
251 -215.566 46.6981
252 -215.566 46.6981
253 -215.566 46.6981
254 -215.566 46.6981
255 -215.566 46.6981
256 -215.566 46.6981
257 -215.566 46.6981
258 -215.566 46.6981
259 -215.566 46.6981
260 -215.566 46.6981
261 -215.566 46.6981
262 -215.566 46.6981
263 -215.566 46.6981
264 -215.566 46.6981
265 -215.566 46.6981
266 -215.566 46.6981
267 -215.566 46.6981
268 -215.566 46.6981
269 -215.566 46.6981
270 -215.566 46.6981
271 -215.566 46.6981
272 -215.566 46.6981
273 -215.566 46.6981
274 -215.566 46.6981
275 -215.566 46.6981
276 -215.566 46.6981
277 -215.566 46.6981
278 -215.566 46.6981
279 -215.566 46.6981
280 -215.566 46.6981
281 -215.566 46.6981
282 -215.566 46.6981
283 -215.566 46.6981
284 -215.566 46.6981
285 -215.566 46.6981
286 -215.566 46.6981
287 -215.566 46.6981
288 -215.566 46.6981
289 -215.566 46.6981
290 -215.566 46.6981
291 -215.566 46.6981
292 -215.566 46.6981
293 -215.566 46.6981
294 -215.566 46.6981
295 -215.566 46.6981
296 -215.566 46.6981
297 -215.566 46.6981
298 -215.566 46.6981
299 -215.566 46.6981
300 -215.566 46.6981
301 -215.566 46.6981
302 -215.566 46.6981
303 -215.566 46.6981
304 -215.566 46.6981
305 -215.566 46.6981
306 -215.566 46.6981
307 -215.566 46.6981
308 -215.566 46.6981
309 -215.566 46.6981
310 -215.566 46.6981
311 -215.566 46.6981
312 -215.566 46.6981
313 -215.566 46.6981
314 -215.566 46.6981
315 -215.566 46.6981
316 -215.566 46.6981
317 -215.566 46.6981
318 -215.566 46.6981
319 -215.566 46.6981
320 -215.566 46.6981
321 -215.566 46.6981
322 -215.566 46.6981
323 -215.566 46.6981
324 -215.566 46.6981
325 -215.566 46.6981
326 -215.566 46.6981
327 -215.566 46.6981
328 -215.566 46.6981
329 -215.566 46.6981
330 -215.566 46.6981
331 -215.566 46.6981
332 -215.566 46.6981
333 -215.566 46.6981
334 -215.566 46.6981
335 -215.566 46.6981
336 -215.566 46.6981
337 -215.566 46.6981
338 -215.566 46.6981
339 -215.566 46.6981
340 -215.566 46.6981
341 -215.566 46.6981
342 -215.566 46.6981
343 -215.566 46.6981
344 -215.566 46.6981
345 -215.566 46.6981
346 -215.566 46.6981
347 -215.566 46.6981
348 -215.566 46.6981
349 -215.566 46.6981
350 -215.566 46.6981
351 -215.566 46.6981
352 -215.566 46.6981
353 -215.566 46.6981
354 -215.566 46.6981
355 -215.566 46.6981
356 -215.566 46.6981
357 -215.566 46.6981
358 -215.566 46.6981
359 -215.566 46.6981
360 -215.566 46.6981
361 -215.566 46.6981
362 -215.566 46.6981
363 -215.566 46.6981
364 -215.566 46.6981
365 -215.566 46.6981
366 -215.566 46.6981
367 -215.566 46.6981
368 -215.566 46.6981
369 -215.566 46.6981
370 -215.566 46.6981
371 -215.566 46.6981
372 -215.566 46.6981
373 -215.566 46.6981
374 -215.566 46.6981
375 -215.566 46.6981
376 -215.566 46.6981
377 -215.566 46.6981
378 -215.566 46.6981
379 -215.566 46.6981
380 -215.566 46.6981
381 -215.566 46.6981
382 -215.566 46.6981
383 -215.566 46.6981
384 -215.566 46.6981
385 -215.566 46.6981
386 -215.566 46.6981
387 -215.566 46.6981
388 -215.566 46.6981
389 -215.566 46.6981
390 -215.566 46.6981
391 -215.566 46.6981
392 -215.566 46.6981
393 -215.566 46.6981
394 -215.566 46.6981
395 -215.566 46.6981
396 -215.566 46.6981
397 -215.566 46.6981
398 -215.566 46.6981
399 -215.566 46.6981
400 -215.566 46.6981
401 -215.566 46.6981
402 -215.566 46.6981
403 -215.566 46.6981
404 -215.566 46.6981
405 -215.566 46.6981
406 -215.566 46.6981
407 -215.566 46.6981
408 -215.566 46.6981
409 -215.566 46.6981
410 -215.566 46.6981
411 -215.566 46.6981
412 -215.566 46.6981
413 -215.566 46.6981
414 -215.566 46.6981
415 -215.566 46.6981
416 -215.566 46.6981
417 -215.566 46.6981
418 -215.566 46.6981
419 -215.566 46.6981
420 -215.566 46.6981
421 -215.566 46.6981
422 -215.566 46.6981
423 -215.566 46.6981
424 -215.566 46.6981
425 -215.566 46.6981
426 -215.566 46.6981
427 -215.566 46.6981
428 -215.566 46.6981
429 -215.566 46.6981
430 -215.566 46.6981
431 -215.566 46.6981
432 -215.566 46.6981
433 -215.566 46.6981
434 -215.566 46.6981
435 -215.566 46.6981
436 -215.566 46.6981
437 -215.566 46.6981
438 -215.566 46.6981
439 -215.566 46.6981
440 -215.566 46.6981
441 -215.566 46.6981
442 -215.566 46.6981
443 -215.566 46.6981
444 -215.566 46.6981
445 -215.566 46.6981
446 -215.566 46.6981
447 -215.566 46.6981
448 -215.566 46.6981
449 -215.566 46.6981
450 -215.566 46.6981
451 -215.566 46.6981
452 -215.566 46.6981
453 -215.566 46.6981
454 -215.566 46.6981
455 -215.566 46.6981
456 -215.566 46.6981
457 -215.566 46.6981
458 -215.566 46.6981
459 -215.566 46.6981
460 -215.566 46.6981
461 -215.566 46.6981
462 -215.566 46.6981
463 -215.566 46.6981
464 -215.566 46.6981
465 -215.566 46.6981
466 -215.566 46.6981
467 -215.566 46.6981
468 -215.566 46.6981
469 -215.566 46.6981
470 -215.566 46.6981
471 -215.566 46.6981
472 -215.566 46.6981
473 -215.566 46.6981
474 -215.566 46.6981
475 -215.566 46.6981
476 -215.566 46.6981
477 -215.566 46.6981
478 -215.566 46.6981
479 -215.566 46.6981
480 -215.566 46.6981
481 -215.566 46.6981
482 -215.566 46.6981
483 -215.566 46.6981
484 -215.566 46.6981
485 -215.566 46.6981
486 -215.566 46.6981
487 -215.566 46.6981
488 -215.566 46.6981
489 -215.566 46.6981
490 -215.566 46.6981
491 -215.566 46.6981
492 -215.566 46.6981
493 -215.566 46.6981
494 -215.566 46.6981
495 -215.566 46.6981
496 -215.566 46.6981
497 -215.566 46.6981
498 -215.566 46.6981
499 -215.566 46.6981
500 -215.566 46.6981
501 -215.566 46.6981
502 -215.566 46.6981
503 -215.566 46.6981
504 -215.566 46.6981
505 -215.566 46.6981
506 -215.566 46.6981
507 -215.566 46.6981
508 -215.566 46.6981
509 -215.566 46.6981
510 -215.566 46.6981
511 -215.566 46.6981
512 -215.566 46.6981
513 -215.566 46.6981
514 -215.566 46.6981
515 -215.566 46.6981
516 -215.566 46.6981
517 -215.566 46.6981
518 -215.566 46.6981
519 -215.566 46.6981
520 -215.566 46.6981
521 -215.566 46.6981
522 -215.566 46.6981
523 -215.566 46.6981
524 -215.566 46.6981
525 -215.566 46.6981
526 -215.566 46.6981
527 -215.566 46.6981
528 -215.566 46.6981
529 -215.566 46.6981
530 -215.566 46.6981
531 -215.566 46.6981
532 -215.566 46.6981
533 -215.566 46.6981
534 -215.566 46.6981
535 -215.566 46.6981
536 -215.566 46.6981
537 -215.566 46.6981
538 -215.566 46.6981
539 -215.566 46.6981
540 -215.566 46.6981
541 -215.566 46.6981
542 -215.566 46.6981
543 -215.566 46.6981
544 -215.566 46.6981
545 -215.566 46.6981
546 -215.566 46.6981
547 -215.566 46.6981
548 -215.566 46.6981
549 -215.566 46.6981
550 -215.566 46.6981
551 -215.566 46.6981
552 -215.566 46.6981
553 -215.566 46.6981
554 -215.566 46.6981
555 -215.566 46.6981
556 -215.566 46.6981
557 -215.566 46.6981
558 -215.566 46.6981
559 -215.566 46.6981
560 -215.566 46.6981
561 -215.566 46.6981
562 -215.566 46.6981
563 -215.566 46.6981
564 -215.566 46.6981
565 -215.566 46.6981
566 -215.566 46.6981
567 -215.566 46.6981
568 -215.566 46.6981
569 -215.566 46.6981
570 -215.566 46.6981
571 -215.566 46.6981
572 -215.566 46.6981
573 -215.566 46.6981
574 -215.566 46.6981
575 -215.566 46.6981
576 -215.566 46.6981
577 -215.566 46.6981
578 -215.566 46.6981
579 -215.566 46.6981
580 -215.566 46.6981
581 -215.566 46.6981
582 -215.566 46.6981
583 -215.566 46.6981
584 -215.566 46.6981
585 -215.566 46.6981
586 -215.566 46.6981
587 -215.566 46.6981
588 -215.566 46.6981
589 -215.566 46.6981
590 -215.566 46.6981
591 -215.566 46.6981
592 -215.566 46.6981
593 -215.566 46.6981
594 -215.566 46.6981
595 -215.566 46.6981
596 -215.566 46.6981
597 -215.566 46.6981
598 -215.566 46.6981
599 -215.566 46.6981
600 -215.566 46.6981
601 -215.566 46.6981
602 -215.566 46.6981
603 -215.566 46.6981
604 -215.566 46.6981
605 -215.566 46.6981
606 -215.566 46.6981
607 -215.566 46.6981
608 -215.566 46.6981
609 -215.566 46.6981
610 -215.566 46.6981
611 -215.566 46.6981
612 -215.566 46.6981
613 -215.566 46.6981
614 -215.566 46.6981
615 -215.566 46.6981
616 -215.566 46.6981
617 -215.566 46.6981
618 -215.566 46.6981
619 -215.566 46.6981
620 -215.566 46.6981
621 -215.566 46.6981
622 -215.566 46.6981
623 -215.566 46.6981
624 -215.566 46.6981
625 -215.566 46.6981
626 -215.566 46.6981
627 -215.566 46.6981
628 -215.566 46.6981
629 -215.566 46.6981
630 -215.566 46.6981
631 -215.566 46.6981
632 -215.566 46.6981
633 -215.566 46.6981
634 -215.566 46.6981
635 -215.566 46.6981
636 -215.566 46.6981
637 -215.566 46.6981
638 -215.566 46.6981
639 -215.566 46.6981
640 -215.566 46.6981
641 -215.566 46.6981
642 -215.566 46.6981
643 -215.566 46.6981
644 -215.566 46.6981
645 -215.566 46.6981
646 -215.566 46.6981
647 -215.566 46.6981
648 -215.566 46.6981
649 -215.566 46.6981
650 -215.566 46.6981
651 -215.566 46.6981
652 -215.566 46.6981
653 -215.566 46.6981
654 -215.566 46.6981
655 -215.566 46.6981
656 -215.566 46.6981
657 -215.566 46.6981
658 -215.566 46.6981
659 -215.566 46.6981
660 -215.566 46.6981
661 -215.566 46.6981
662 -215.566 46.6981
663 -215.566 46.6981
664 -215.566 46.6981
665 -215.566 46.6981
666 -215.566 46.6981
667 -215.566 46.6981
668 -215.566 46.6981
669 -215.566 46.6981
670 -215.566 46.6981
671 -215.566 46.6981
672 -215.566 46.6981
673 -215.566 46.6981
674 -215.566 46.6981
675 -215.566 46.6981
676 -215.566 46.6981
677 -215.566 46.6981
678 -215.566 46.6981
679 -215.566 46.6981
680 -215.566 46.6981
681 -215.566 46.6981
682 -215.566 46.6981
683 -215.566 46.6981
684 -215.566 46.6981
685 -215.566 46.6981
686 -215.566 46.6981
687 -215.566 46.6981
688 -215.566 46.6981
689 -215.566 46.6981
690 -215.566 46.6981
691 -215.566 46.6981
692 -215.566 46.6981
693 -215.566 46.6981
694 -215.566 46.6981
695 -215.566 46.6981
696 -215.566 46.6981
697 -215.566 46.6981
698 -215.566 46.6981
699 -215.566 46.6981
700 -215.566 46.6981
701 -215.566 46.6981
702 -215.566 46.6981
703 -215.566 46.6981
704 -215.566 46.6981
705 -215.566 46.6981
706 -215.566 46.6981
707 -215.566 46.6981
708 -215.566 46.6981
709 -215.566 46.6981
710 -215.566 46.6981
711 -215.566 46.6981
712 -215.566 46.6981
713 -215.566 46.6981
714 -215.566 46.6981
715 -215.566 46.6981
716 -215.566 46.6981
717 -215.566 46.6981
718 -215.566 46.6981
719 -215.566 46.6981
720 -215.566 46.6981
721 -215.566 46.6981
722 -215.566 46.6981
723 -215.566 46.6981
724 -215.566 46.6981
725 -215.566 46.6981
726 -215.566 46.6981
727 -215.566 46.6981
728 -215.566 46.6981
729 -215.566 46.6981
730 -215.566 46.6981
731 -215.566 46.6981
732 -215.566 46.6981
733 -215.566 46.6981
734 -215.566 46.6981
735 -215.566 46.6981
736 -215.566 46.6981
737 -215.566 46.6981
738 -215.566 46.6981
739 -215.566 46.6981
740 -215.566 46.6981
741 -215.566 46.6981
742 -215.566 46.6981
743 -215.566 46.6981
744 -215.566 46.6981
745 -215.566 46.6981
746 -215.566 46.6981
747 -215.566 46.6981
748 -215.566 46.6981
749 -215.566 46.6981
750 -215.566 46.6981
751 -215.566 46.6981
752 -215.566 46.6981
753 -215.566 46.6981
754 -215.566 46.6981
755 -215.566 46.6981
756 -215.566 46.6981
757 -215.566 46.6981
758 -215.566 46.6981
759 -215.566 46.6981
760 -215.566 46.6981
761 -215.566 46.6981
762 -215.566 46.6981
763 -215.566 46.6981
764 -215.566 46.6981
765 -215.566 46.6981
766 -215.566 46.6981
767 -215.566 46.6981
768 -215.566 46.6981
769 -215.566 46.6981
770 -215.566 46.6981
771 -215.566 46.6981
772 -215.566 46.6981
773 -215.566 46.6981
774 -215.566 46.6981
775 -215.566 46.6981
776 -215.566 46.6981
777 -215.566 46.6981
778 -215.566 46.6981
779 -215.566 46.6981
780 -215.566 46.6981
781 -215.566 46.6981
782 -215.566 46.6981
783 -215.566 46.6981
784 -215.566 46.6981
785 -215.566 46.6981
786 -215.566 46.6981
787 -215.566 46.6981
788 -215.566 46.6981
789 -215.566 46.6981
790 -215.566 46.6981
791 -215.566 46.6981
792 -215.566 46.6981
793 -215.566 46.6981
794 -215.566 46.6981
795 -215.566 46.6981
796 -215.566 46.6981
797 -215.566 46.6981
798 -215.566 46.6981
799 -215.566 46.6981
800 -215.566 46.6981
801 -215.566 46.6981
802 -215.566 46.6981
803 -215.566 46.6981
804 -215.566 46.6981
805 -215.566 46.6981
806 -215.566 46.6981
807 -215.566 46.6981
808 -215.566 46.6981
809 -215.566 46.6981
810 -215.566 46.6981
811 -215.566 46.6981
812 -215.566 46.6981
813 -215.566 46.6981
814 -215.566 46.6981
815 -215.566 46.6981
816 -215.566 46.6981
817 -215.566 46.6981
818 -215.566 46.6981
819 -215.566 46.6981
820 -215.566 46.6981
821 -215.566 46.6981
822 -215.566 46.6981
823 -215.566 46.6981
824 -215.566 46.6981
825 -215.566 46.6981
826 -215.566 46.6981
827 -215.566 46.6981
828 -215.566 46.6981
829 -215.566 46.6981
830 -215.566 46.6981
831 -215.566 46.6981
832 -215.566 46.6981
833 -215.566 46.6981
834 -215.566 46.6981
835 -215.566 46.6981
836 -215.566 46.6981
837 -215.566 46.6981
838 -215.566 46.6981
839 -215.566 46.6981
840 -215.566 46.6981
841 -215.566 46.6981
842 -215.566 46.6981
843 -215.566 46.6981
844 -215.566 46.6981
845 -215.566 46.6981
846 -215.566 46.6981
847 -215.566 46.6981
848 -215.566 46.6981
849 -215.566 46.6981
850 -215.566 46.6981
851 -215.566 46.6981
852 -215.566 46.6981
853 -215.566 46.6981
854 -215.566 46.6981
855 -215.566 46.6981
856 -215.566 46.6981
857 -215.566 46.6981
858 -215.566 46.6981
859 -215.566 46.6981
860 -215.566 46.6981
861 -215.566 46.6981
862 -215.566 46.6981
863 -215.566 46.6981
864 -215.566 46.6981
865 -215.566 46.6981
866 -215.566 46.6981
867 -215.566 46.6981
868 -215.566 46.6981
869 -215.566 46.6981
870 -215.566 46.6981
871 -215.566 46.6981
872 -215.566 46.6981
873 -215.566 46.6981
874 -215.566 46.6981
875 -215.566 46.6981
876 -215.566 46.6981
877 -215.566 46.6981
878 -215.566 46.6981
879 -215.566 46.6981
880 -215.566 46.6981
881 -215.566 46.6981
882 -215.566 46.6981
883 -215.566 46.6981
884 -215.566 46.6981
885 -215.566 46.6981
886 -215.566 46.6981
887 -215.566 46.6981
888 -215.566 46.6981
889 -215.566 46.6981
890 -215.566 46.6981
891 -215.566 46.6981
892 -215.566 46.6981
893 -215.566 46.6981
894 -215.566 46.6981
895 -215.566 46.6981
896 -215.566 46.6981
897 -215.566 46.6981
898 -215.566 46.6981
899 -215.566 46.6981
900 -215.566 46.6981
901 -215.566 46.6981
902 -215.566 46.6981
903 -215.566 46.6981
904 -215.566 46.6981
905 -215.566 46.6981
906 -215.566 46.6981
907 -215.566 46.6981
908 -215.566 46.6981
909 -215.566 46.6981
910 -215.566 46.6981
911 -215.566 46.6981
912 -215.566 46.6981
913 -215.566 46.6981
914 -215.566 46.6981
915 -215.566 46.6981
916 -215.566 46.6981
917 -215.566 46.6981
918 -215.566 46.6981
919 -215.566 46.6981
920 -215.566 46.6981
921 -215.566 46.6981
922 -215.566 46.6981
923 -215.566 46.6981
924 -215.566 46.6981
925 -215.566 46.6981
926 -215.566 46.6981
927 -215.566 46.6981
928 -215.566 46.6981
929 -215.566 46.6981
930 -215.566 46.6981
931 -215.566 46.6981
932 -215.566 46.6981
933 -215.566 46.6981
934 -215.566 46.6981
935 -215.566 46.6981
936 -215.566 46.6981
937 -215.566 46.6981
938 -215.566 46.6981
939 -215.566 46.6981
940 -215.566 46.6981
941 -215.566 46.6981
942 -215.566 46.6981
943 -215.566 46.6981
944 -215.566 46.6981
945 -215.566 46.6981
946 -215.566 46.6981
947 -215.566 46.6981
948 -215.566 46.6981
949 -215.566 46.6981
950 -215.566 46.6981
951 -215.566 46.6981
952 -215.566 46.6981
953 -215.566 46.6981
954 -215.566 46.6981
955 -215.566 46.6981
956 -215.566 46.6981
957 -215.566 46.6981
958 -215.566 46.6981
959 -215.566 46.6981
960 -215.566 46.6981
961 -215.566 46.6981
962 -215.566 46.6981
963 -215.566 46.6981
964 -215.566 46.6981
965 -215.566 46.6981
966 -215.566 46.6981
967 -215.566 46.6981
968 -215.566 46.6981
969 -215.566 46.6981
970 -215.566 46.6981
971 -215.566 46.6981
972 -215.566 46.6981
973 -215.566 46.6981
974 -215.566 46.6981
975 -215.566 46.6981
976 -215.566 46.6981
977 -215.566 46.6981
978 -215.566 46.6981
979 -215.566 46.6981
980 -215.566 46.6981
981 -215.566 46.6981
982 -215.566 46.6981
983 -215.566 46.6981
984 -215.566 46.6981
985 -215.566 46.6981
986 -215.566 46.6981
987 -215.566 46.6981
988 -215.566 46.6981
989 -215.566 46.6981
990 -215.566 46.6981
991 -215.566 46.6981
992 -215.566 46.6981
993 -215.566 46.6981
994 -215.566 46.6981
995 -215.566 46.6981
996 -215.566 46.6981
997 -215.566 46.6981
998 -215.566 46.6981
999 -215.566 46.6981
1000 -215.566 46.6981
1001 -215.566 46.6981
